{
    "camera_angle_x": 0.6911112070083618,
    "frames": [
        {
            "file_path": "0",
            "rotation": 0.012566370614359171,
            "transform_matrix": [
                [
                    -0.963964581489563,
                    -0.2611401677131653,
                    0.0507759265601635,
                    0.2046843022108078
                ],
                [
                    0.26603081822395325,
                    -0.9462433457374573,
                    0.18398693203926086,
                    0.7416750192642212
                ],
                [
                    7.450580596923828e-09,
                    0.1908649355173111,
                    0.9816163182258606,
                    3.957021951675415
                ],
                [
                    0.0,
                    0.0,
                    0.0,
                    1.0
                ]
            ]
        },
        {
            "file_path": "1",
            "rotation": 0.012566370614359171,
            "transform_matrix": [
                [
                    0.957957923412323,
                    -0.16224195063114166,
                    0.23663082718849182,
                    0.9538894295692444
                ],
                [
                    0.28690868616104126,
                    0.541708767414093,
                    -0.7900853753089905,
                    -3.184936285018921
                ],
                [
                    0.0,
                    0.8247601389884949,
                    0.5654827356338501,
                    2.279534101486206
                ],
                [
                    0.0,
                    0.0,
                    0.0,
                    1.0
                ]
            ]
        },
        {
            "file_path": "2",
            "rotation": 0.012566370614359171,
            "transform_matrix": [
                [
                    0.053793132305145264,
                    0.8200244307518005,
                    -0.5697950124740601,
                    -2.296917200088501
                ],
                [
                    -0.998552143573761,
                    0.0441756397485733,
                    -0.03069549985229969,
                    -0.12373751401901245
                ],
                [
                    0.0,
                    0.5706211924552917,
                    0.8212133646011353,
                    3.3104169368743896
                ],
                [
                    0.0,
                    0.0,
                    0.0,
                    1.0
                ]
            ]
        },
        {
            "file_path": "3",
            "rotation": 0.012566370614359171,
            "transform_matrix": [
                [
                    0.8378013968467712,
                    0.1475498080253601,
                    -0.525659441947937,
                    -2.1190009117126465
                ],
                [
                    -0.5459750294685364,
                    0.22641590237617493,
                    -0.8066269755363464,
                    -3.251617431640625
                ],
                [
                    0.0,
                    0.9627902507781982,
                    0.2702500522136688,
                    1.089412808418274
                ],
                [
                    0.0,
                    0.0,
                    0.0,
                    1.0
                ]
            ]
        },
        {
            "file_path": "4",
            "rotation": 0.012566370614359171,
            "transform_matrix": [
                [
                    -0.9967323541641235,
                    -0.06236458569765091,
                    0.05133584886789322,
                    0.2069414258003235
                ],
                [
                    0.0807756781578064,
                    -0.7695484161376953,
                    0.633459210395813,
                    2.553555727005005
                ],
                [
                    0.0,
                    0.6355359554290771,
                    0.7720712423324585,
                    3.112318754196167
                ],
                [
                    0.0,
                    0.0,
                    0.0,
                    1.0
                ]
            ]
        },
        {
            "file_path": "5",
            "rotation": 0.012566370614359171,
            "transform_matrix": [
                [
                    -0.7549905180931091,
                    0.3629770874977112,
                    -0.5461105704307556,
                    -2.2014424800872803
                ],
                [
                    -0.6557355523109436,
                    -0.417918860912323,
                    0.6287722587585449,
                    2.5346622467041016
                ],
                [
                    1.4901160305669237e-08,
                    0.8328214287757874,
                    0.5535417199134827,
                    2.231398344039917
                ],
                [
                    0.0,
                    0.0,
                    0.0,
                    1.0
                ]
            ]
        },
        {
            "file_path": "6",
            "rotation": 0.012566370614359171,
            "transform_matrix": [
                [
                    -0.6818113923072815,
                    -0.17271238565444946,
                    0.7108470797538757,
                    2.865516185760498
                ],
                [
                    0.7315279245376587,
                    -0.1609744280576706,
                    0.662536084651947,
                    2.6707684993743896
                ],
                [
                    1.4901160305669237e-08,
                    0.9717292189598083,
                    0.23609814047813416,
                    0.9517420530319214
                ],
                [
                    0.0,
                    0.0,
                    0.0,
                    1.0
                ]
            ]
        }
    ]
}
