{
    "camera_angle_x": 0.6911112070083618,
    "frames": [
        {
            "file_path": "0",
            "rotation": 0.012566370614359171,
            "transform_matrix": [
                [
                    -0.8630192279815674,
                    0.2061443030834198,
                    -0.46119678020477295,
                    -1.859143853187561
                ],
                [
                    -0.5051712393760681,
                    -0.3521706759929657,
                    0.7878945469856262,
                    3.176104784011841
                ],
                [
                    0.0,
                    0.9129514694213867,
                    0.40806815028190613,
                    1.6449754238128662
                ],
                [
                    0.0,
                    0.0,
                    0.0,
                    1.0
                ]
            ]
        },
        {
            "file_path": "1",
            "rotation": 0.012566370614359171,
            "transform_matrix": [
                [
                    0.9139525890350342,
                    0.12561428546905518,
                    -0.38589075207710266,
                    -1.5555753707885742
                ],
                [
                    -0.4058208763599396,
                    0.2828969657421112,
                    -0.8690677285194397,
                    -3.503324031829834
                ],
                [
                    0.0,
                    0.9508892297744751,
                    0.3095313310623169,
                    1.2477606534957886
                ],
                [
                    0.0,
                    0.0,
                    0.0,
                    1.0
                ]
            ]
        },
        {
            "file_path": "2",
            "rotation": 0.012566370614359171,
            "transform_matrix": [
                [
                    -0.20943261682987213,
                    0.1587975174188614,
                    -0.9648426175117493,
                    -3.8894050121307373
                ],
                [
                    -0.9778230786323547,
                    -0.03401165455579758,
                    0.20665243268013,
                    0.8330426216125488
                ],
                [
                    0.0,
                    0.9867251515388489,
                    0.162399023771286,
                    0.654651403427124
                ],
                [
                    0.0,
                    0.0,
                    0.0,
                    1.0
                ]
            ]
        },
        {
            "file_path": "3",
            "rotation": 0.012566370614359171,
            "transform_matrix": [
                [
                    0.7048385739326477,
                    -0.4080362617969513,
                    0.5802662372589111,
                    2.339128255844116
                ],
                [
                    0.7093677520751953,
                    0.40543103218078613,
                    -0.5765613913536072,
                    -2.3241934776306152
                ],
                [
                    1.4901161193847656e-08,
                    0.818004846572876,
                    0.5752111673355103,
                    2.3187506198883057
                ],
                [
                    0.0,
                    0.0,
                    0.0,
                    1.0
                ]
            ]
        }
    ]
}
